---
Goal 3
header: 
  seq: 59553
  stamp: 
    secs: 1063
    nsecs: 464000000
  frame_id: "odom"
child_frame_id: "base_link"
pose: 
  pose: 
    position: 
      x: 1.06203673035
      y: -0.714819645355
      z: 0.0
    orientation: 
      x: 0.0
      y: 0.0
      z: -0.408571879754
      w: 0.912726146812
  covariance: [0.0, 0.0, 0.0, 0.0, 0.0, 0.0, 0.0, 0.0, 0.0, 0.0, 0.0, 0.0, 0.0, 0.0, 0.0, 0.0, 0.0, 0.0, 0.0, 0.0, 0.0, 0.0, 0.0, 0.0, 0.0, 0.0, 0.0, 0.0, 0.0, 0.0, 0.0, 0.0, 0.0, 0.0, 0.0, 0.0]
twist: 
  twist: 
    linear: 
      x: 0.0
      y: 0.0
      z: 0.0
    angular: 
      x: 0.0
      y: 0.0
      z: 0.0
  covariance: [0.0, 0.0, 0.0, 0.0, 0.0, 0.0, 0.0, 0.0, 0.0, 0.0, 0.0, 0.0, 0.0, 0.0, 0.0, 0.0, 0.0, 0.0, 0.0, 0.0, 0.0, 0.0, 0.0, 0.0, 0.0, 0.0, 0.0, 0.0, 0.0, 0.0, 0.0, 0.0, 0.0, 0.0, 0.0, 0.0]
---
